0.475845	
0.787561	
0.888180	
0.695364	
0.797662	
0.866054	
0.194586	
0.128819	
0.503616	
0.535661	
0.403241	
0.110050	
0.958892	
0.310892	
0.641072	
0.747154	
0.872921	
0.462081	
0.400189	
0.154027	
0.632771	
0.141087	
0.786065	
0.831202	
0.786584	
0.055696	
0.119236	
0.985321	
0.708640	
0.599078	
0.171850	
0.945250	
0.977508	
0.840724	
0.819971	
0.329386	
0.498184	
0.284738	
0.393262	
0.121555	
0.899777	
0.802362	
0.503555	
0.311289	
0.239540	
0.643910	
0.632496	
0.254738	
0.545244	
0.937742	
0.260781	
0.412641	
0.226173	
0.581347	
0.819483	
0.621418	
0.884945	
0.931547	
0.244606	
0.553697	
0.560686	
0.199377	
0.417005	
0.524674	
0.935362	
0.956908	
0.267678	
0.300272	
0.533860	
0.660939	
0.830836	
0.063601	
0.449904	
0.601123	
0.025117	
0.195837	
0.628407	
0.177831	
0.444899	
0.027863	
0.235450	
0.916471	
0.942228	
0.218665	
0.148015	
0.124210	
0.281381	
0.917264	
0.093478	
0.595935	
0.646870	
0.363659	
0.471236	
0.274697	
0.285989	
0.086032	
0.386761	
0.274087	
0.067568	
0.349467	
0.930296	
0.167669	
0.238014	
0.012818	
0.230506	
0.952757	
0.155766	
0.450545	
0.315073	
0.593646	
0.285562	
0.694723	
0.308969	
0.551866	
0.233680	
0.454207	
0.002014	
0.208441	
0.105594	
0.167119	
0.316782	
0.585284	
0.966918	
0.742607	
0.708060	
0.271554	
0.689230	
0.148198	
0.025300	
0.961425	
0.962065	
0.499680	
0.869381	
0.509354	
0.751793	
0.808344	
0.974212	
0.909238	
0.989471	
0.043367	
0.645558	
0.103458	
0.768029	
0.664693	
0.787561	
0.028748	
0.830836	
0.282601	
0.548235	
0.803980	
0.632221	
0.600848	
0.115574	
0.467177	
0.751823	
0.299142	
0.695212	
0.167699	
0.943388	
0.011170	
0.200903	
0.219367	
0.599780	
0.054842	
0.689261	
0.921537	
0.915372	
0.070467	
0.069857	
0.553789	
0.526444	
0.223609	
0.121982	
0.450697	
0.912076	
0.128483	
0.349162	
0.563189	
0.335398	
0.148381	
0.702902	
0.412030	
0.607593	
0.229347	
0.706961	
0.840541	
0.454970	
0.923185	
0.013062	
0.472182	
0.771325	
0.756279	
0.919614	
0.279611	
0.535722	
0.600208	
0.884335	
0.171056	
0.678152	
0.200873	
0.562761	
0.000916	
0.673208	
0.521775	
0.402905	
0.910031	
0.143681	
0.057985	
0.328013	
0.402478	
0.255470	
0.777429	
0.538530	
0.065065	
0.184240	
0.844905	
0.964202	
0.335429	
0.436018	
0.785913	
0.398206	
0.225288	
0.302194	
0.245979	
0.843776	
0.405072	
0.231025	
0.002167	
0.105197	
0.556078	
0.395947	
0.382427	
0.154210	
0.396435	
0.242470	
0.749626	
0.302927	
0.287301	
0.295175	
0.206397	
0.714652	
0.825190	
0.005371	
0.176763	
0.283853	
0.326853	
0.921140	
0.020936	
0.416822	
0.613300	
0.960784	
0.339640	
0.743400	
0.998596	
0.071413	
0.124180	
0.292001	
0.889981	
0.053163	
0.408521	
0.158757	
0.905881	
0.830653	
0.579180	
0.201971	
0.917325	
0.953276	
0.000153	
0.793054	
0.919767	
0.605090	
0.108158	
0.155705	
0.141118	
0.905667	
0.634816	
0.323954	
0.292306	
0.783227	
0.112217	
0.250649	
0.366741	
0.201392	
0.318064	
0.097720	
0.894803	
0.020661	
0.815912	
0.239143	
0.059725	
0.275765	
0.248115	
0.008179	
0.581042	
0.150487	
0.536546	
0.719901	
0.771783	
0.430830	
0.647694	
0.000427	
0.675771	
0.718162	
0.078890	
0.954253	
0.691366	
0.183081	
0.721061	
0.200018	
0.587695	
0.141911	
0.254769	
0.307688	
0.319620	
0.236274	
0.736076	
0.666555	
0.547990	
0.497818	
0.527421	
0.316355	
0.271035	
0.078799	
0.231239	
0.772820	
0.473495	
0.929960	
0.781091	
0.378155	
0.199347	
0.206641	
0.347728	
0.208563	
0.954985	
0.685415	
0.215583	
0.069430	
0.848231	
0.970794	
0.286386	
0.609607	
0.370434	
0.774804	
0.365825	
0.086276	
0.227058	
0.049989	
0.889798	
0.811426	
0.123417	
0.257027	
0.246284	
0.810938	
0.911863	
0.548479	
0.349284	
0.728294	
0.006226	
0.149693	
0.620716	
0.503159	
0.470779	
0.718467	
0.036988	
0.857143	
0.688314	
0.964171	
0.396344	
0.116764	
0.015259	
0.307993	
0.462844	
0.406446	
0.329295	
0.865719	
0.143803	
0.740928	
0.875484	
0.533433	
0.356609	
0.050111	
0.317667	
0.458693	
0.741325	
0.666494	
0.401318	
0.677145	
0.875027	
0.306467	
0.133702	
0.196722	
0.144475	
0.077609	
0.888089	
0.310282	
0.933561	
0.542039	
0.337901	
0.417890	
0.280648	
0.368023	
0.627308	
0.140294	
0.663808	
0.600543	
0.684256	
0.004669	
0.068484	
0.082400	
0.082461	
0.483688	
0.995239	
0.056764	
0.358501	
0.669454	
0.562578	
0.482894	
0.189917	
0.363536	
0.362316	
0.095553	
0.341441	
0.864284	
0.222816	
0.740410	
0.784509	
0.232337	
0.536668	
0.015534	
0.897183	
0.316385	
0.309153	
0.751122	
0.150365	
0.319529	
0.583789	
0.358196	
0.186468	
0.188116	
0.400861	
0.577807	
0.696921	
0.604175	
0.945463	
0.661733	
0.004913	
0.862209	
0.041292	
0.516251	
0.759331	
0.412610	
0.646474	
0.839900	
0.646290	
0.351787	
0.507309	
0.786706	
0.524522	
0.641163	
0.626820	
0.186041	
0.890835	
0.335704	
0.703757	
0.850307	
0.081851	
0.603717	
0.198675	
0.001862	
0.118473	
0.818628	
0.183142	
0.350352	
0.598956	
0.504471	
0.628498	
0.851497	
0.547227	
0.416120	
0.290078	
0.678884	
0.622486	
0.535478	
0.843898	
0.440107	
0.596362	
0.264931	
0.430799	
0.167913	
0.503891	
0.599414	
0.265816	
0.118259	
0.374706	
0.558092	
0.467666	
0.906064	
0.950255	
0.657155	
0.765557	
0.010346	
0.293954	
0.704978	
0.238868	
0.179632	
0.699973	
0.700461	
0.746696	
0.768883	
0.806970	
0.116581	
0.202734	
0.539415	
0.323588	
0.349620	
0.352275	
0.953124	
0.270974	
0.615741	
0.207404	
0.491745	
0.149663	
0.076144	
0.796655	
0.033113	
0.936003	
0.472060	
0.385296	
0.815119	
0.315409	
0.050417	
0.822718	
0.018647	
0.057894	
0.062258	
0.172704	
0.501480	
0.942534	
0.614277	
0.283731	
0.713034	
0.136906	
0.155248	
0.454268	
0.322733	
0.438063	
0.378704	
0.850612	
0.592029	
0.280801	
0.822382	
0.832514	
0.022065	
0.920042	
0.946623	
0.843623	
0.307871	
0.693106	
0.972411	
0.022309	
0.130406	
0.768365	
0.260323	
0.189734	
0.818049	
0.286508	
0.511856	
0.370708	
0.407849	
0.300577	
0.574267	
0.504501	
0.139195	
0.421094	
0.130039	
0.501022	
0.909909	
0.572588	
0.052675	
0.299020	
0.726249	
0.767602	
0.709342	
0.082675	
0.679067	
0.304544	
0.992309	
0.312204	
0.475906	
0.295694	
0.360149	
0.725669	
0.061251	
0.931486	
0.669912	
0.967498	
0.355968	
0.387280	
0.081332	
0.000031	
0.647053	
0.779229	
0.815058	
0.955107	
0.659047	
0.074801	
0.045076	
0.580493	
0.838252	
0.365154	
0.707724	
0.939116	
0.881375	
0.404523	
0.507309	
0.515824	
0.039125	
0.823908	
0.900937	
0.389172	
0.226936	
0.924680	
0.342570	
0.623493	
0.473067	
0.458266	
0.568468	
0.538011	
0.736290	
0.298929	
0.204535	
0.009247	
0.623676	
0.414838	
0.477493	
0.462966	
0.040284	
0.044588	
0.310770	
0.711539	
0.301431	
0.484909	
0.586230	
0.293435	
0.739311	
0.395856	
0.853267	
0.471023	
0.334971	
0.030152	
0.266488	
0.542589	
0.406934	
0.292154	
0.033204	
0.625263	
0.887600	
0.033540	
0.151585	
0.564653	
0.218909	
0.491409	
0.721549	
0.128056	
0.398450	
0.275033	
0.608753	
0.136723	
0.207038	
0.808222	
0.743797	
0.694174	
0.149266	
0.632282	
0.836909	
0.166021	
0.138188	
0.477279	
0.790399	
0.068636	
0.455489	
0.506546	
0.589282	
0.521683	
0.018067	
0.641652	
0.951842	
0.421583	
0.482803	
0.373455	
0.521073	
0.992004	
0.220161	
0.965941	
0.878689	
0.867428	
0.688498	
0.458724	
0.162145	
0.366283	
0.239662	
0.374676	
0.567003	
0.109653	
0.887906	
0.538987	
0.514695	
0.642079	
0.072420	
0.915586	
0.768212	
0.210303	
0.945860	
0.867550	
0.275735	
0.356975	
0.218787	
0.747734	
0.024415	
0.484420	
0.092898	
0.225196	
0.684988	
0.045839	
0.312510	
0.254982	
0.328562	
0.519608	
0.867031	
0.095981	
0.997375	
0.822779	
0.374706	
0.284310	
0.409558	
0.320627	
0.679647	
0.967956	
0.580767	
0.088015	
0.692648	
0.508835	
0.642384	
0.578906	
0.007416	
0.758965	
0.638630	
0.360240	
0.323832	
0.916318	
0.583300	
0.066927	
0.208441	
0.367443	
0.557573	
0.233345	
0.224769	
0.422315	
0.130009	
0.158086	
0.963622	
0.348247	
0.880215	
0.458571	
0.004944	
0.608661	
0.306894	
0.470840	
0.343120	
0.713370	
0.902554	
0.151616	
0.305673	
0.586444	
0.674886	
0.638478	
0.497971	
0.857723	
0.896939	
0.124485	
0.804102	
0.984588	
0.366985	
0.203589	
0.976104	
0.609912	
0.959471	
0.342753	
0.841914	
0.062868	
0.748161	
0.637623	
0.664022	
0.408094	
0.482803	
0.507340	
0.679525	
0.950468	
0.700613	
0.485336	
0.353191	
0.600696	
0.253731	
0.761773	
0.374737	
0.008972	
0.533952	
0.634449	
0.931333	
0.872127	
0.175909	
0.524003	
0.286782	
0.320902	
0.520249	
0.710013	
0.198828	
0.793756	
0.617450	
0.443678	
0.205206	
0.302835	
0.054262	
0.594165	
0.310343	
0.499435	
0.383526	
0.483993	
0.103702	
0.443770	
0.438673	
0.070406	
0.840938	
0.486587	
0.314249	
0.128666	
0.519150	
0.168279	
0.294015	
0.593371	
0.477676	
0.541673	
0.507065	
0.714316	
0.555376	
0.825007	
0.594104	
0.183142	
0.335917	
0.791223	
0.164525	
0.886990	
0.512162	
0.799768	
0.325968	
0.444960	
0.900845	
0.877407	
0.067019	
0.184606	
0.139103	
0.753868	
0.775170	
0.713645	
0.593738	
0.259011	
0.670278	
0.743858	
0.514573	
0.987487	
0.435804	
0.323160	
0.963439	
0.637135	
0.828120	
0.132115	
0.549516	
0.927763	
0.545854	
0.001160	
0.502823	
0.505875	
0.140080	
0.304697	
0.116489	
0.742302	
0.247078	
0.388501	
0.090030	
0.828333	
0.924162	
0.686636	
0.803522	
0.077273	
0.370525	
0.683798	
0.055147	
0.837153	
0.814264	
0.379955	
0.292886	
0.920866	
0.846309	
0.412885	
0.871303	
0.960479	
0.983093	
0.495499	
0.365215	
0.591296	
0.739006	
0.323466	
0.471236	
0.872585	
0.989685	
0.610157	
0.528306	
0.850459	
0.907743	
0.404523	
0.188757	
0.669881	
0.252022	
0.348704	
0.271004	
0.141789	
0.291391	
0.030915	
0.325083	
0.171422	
0.144841	
0.090915	
0.942228	
0.954070	
0.818690	
0.232948	
0.340129	
0.344920	
0.722190	
0.803735	
0.254616	
0.309061	
0.943327	
0.090762	
0.669179	
0.857387	
0.065004	
0.997986	
0.413800	
0.375408	
0.804224	
0.254036	
0.164037	
0.750908	
0.253975	
0.810694	
0.871975	
0.206488	
0.010651	
0.586383	
0.159581	
0.243538	
0.967009	
0.212012	
0.706961	
0.603900	
0.052400	
0.934965	
0.165136	
0.655049	
0.701956	
0.337260	
0.626209	
0.105686	
0.334819	
0.024964	
0.180853	
0.457564	
0.624256	
0.943968	
0.595477	
0.099643	
0.839167	
0.479232	
0.639149	
0.451552	
0.039674	
0.993744	
0.092868	
0.061556	
0.407514	
0.962645	
0.971099	
0.066439	
0.491897	
0.359661	
0.987793	
0.918516	
0.653249	
0.451735	
0.797754	
0.786584	
0.485061	
0.657949	
0.044649	
0.537126	
0.495834	
0.629261	
0.746788	
0.701743	
0.831660	
0.205145	
0.052095	
0.336955	
0.321329	
0.403607	
0.893674	
0.183172	
0.624989	
0.100253	
0.576586	
0.028596	
0.767327	
0.553514	
0.828120	
0.684347	
0.836970	
0.431562	
0.341502	
0.477218	
0.133061	
0.497421	
0.345592	
0.666494	
0.540574	
0.608722	
0.230934	
0.690512	
0.414838	
0.188025	
0.763665	
0.649678	
0.757805	
0.819971	
0.918729	
0.932218	
0.965911	
0.131932	
0.863338	
0.388440	
0.932035	
0.613910	
0.122196	
0.960417	
0.781732	
0.534104	
0.455550	
0.172613	
0.025849	
0.606647	
0.481277	
0.390606	
0.410199	
0.567370	
0.572619	
0.253059	
0.243690	
0.313913	
0.062197	
0.184210	
0.486648	
0.766991	
0.284463	
0.392468	
0.379467	
0.107913	
0.486557	
0.261696	
0.894192	
0.550157	
0.140202	
0.541215	
0.789148	
0.299509	
0.685018	
0.240944	
0.548662	
0.860652	
0.234504	
0.638020	
0.988556	
0.345164	
0.276528	
0.300516	
0.809015	
0.938200	
0.898953	
0.535783	
0.875973	
0.179022	
0.571978	
0.167913	
0.512253	
0.213019	
0.018403	
0.052431	
0.579730	
0.669881	
0.203101	
0.232856	
0.633717	
0.325541	
0.972625	
0.146580	
0.930967	
0.203284	
0.376629	
0.785577	
0.572253	
0.270730	
0.202338	
0.218421	
0.561205	
0.388562	
0.752861	
0.380108	
0.060244	
0.667745	
0.401013	
0.535417	
0.625080	
0.890835	
0.949889	
0.322550	
0.698935	
0.154332	
0.331004	
0.783135	
0.147862	
0.387890	
0.672170	
0.284402	
0.118381	
0.906552	
0.265023	
0.740989	
0.998383	
0.652608	
0.464827	
0.040773	
0.762902	
0.283151	
0.052614	
0.083071	
0.486251	
0.759575	
0.092166	
0.333659	
0.300882	
0.595141	
0.811518	
0.303934	
0.585040	
0.417280	
0.541887	
0.860286	
0.660207	
0.000336	
0.243965	
0.769341	
0.779504	
0.425306	
0.653737	
0.386334	
0.688314	
0.522935	
0.578326	
0.891995	
0.538469	
0.256081	
0.373669	
0.984344	
0.437269	
0.197913	
0.135258	
0.432386	
0.412397	
0.762078	
0.632588	
0.396771	
0.074099	
0.340739	
0.519333	
0.924650	
0.756127	
0.007721	
0.850185	
0.524461	
0.415876	
0.941740	
0.435286	
0.227149	
0.076357	
0.226722	
0.064058	
0.039857	
0.089724	
0.185675	
0.129460	
0.198492	
0.004608	
0.903653	
0.683554	
0.125309	
0.318247	
0.096377	
0.456313	
0.498062	
0.894559	
0.981323	
0.868496	
0.336314	
0.329417	
0.306162	
0.569658	
0.512009	
0.044740	
0.192663	
0.533250	
0.589801	
0.391949	
0.950407	
0.239143	
0.403912	
0.546587	
0.517930	
0.975707	
0.277444	
0.475326	
0.687033	
0.791803	
0.290628	
0.756462	
0.766411	
0.130985	
0.503983	
0.534989	
0.841090	
0.678152	
0.543016	
0.393872	
0.283731	
0.450484	
0.450362	
0.422498	
0.674306	
0.663869	
0.211768	
0.263771	
0.783868	
0.405744	
0.862178	
0.420728	
0.779565	
0.646107	
0.578143	
0.604389	
0.306009	
0.617359	
0.662832	
0.403882	
0.600452	
0.094821	
0.829798	
0.059847	
0.296762	
0.608814	
0.691885	
0.622913	
0.075777	
0.119358	
