0.00000000000000019990
0.00000000000000019990
0.00000000000000026568
0.00000000000000035281
0.00000000000000046809
0.00000000000000062049
0.00000000000000082178
0.00000000000000108741
0.00000000000000143761
0.00000000000000189890
0.00000000000000250598
0.00000000000000330417
0.00000000000000435270
0.00000000000000572882
0.00000000000000753323
0.00000000000000989707
0.00000000000001299093
0.00000000000001703654
0.00000000000002232184
0.00000000000002922031
0.00000000000003821601
0.00000000000004993567
0.00000000000006518996
0.00000000000008502648
0.00000000000011079767
0.00000000000014424782
0.00000000000018762441
0.00000000000024382048
0.00000000000031655636
0.00000000000041061157
0.00000000000053212030
0.00000000000068894767
0.00000000000089116810
0.00000000000115167315
0.00000000000148694289
0.00000000000191802371
0.00000000000247176679
0.00000000000318239470
0.00000000000409348124
0.00000000000526045063
0.00000000000675372917
0.00000000000866271518
0.00000000001110077443
0.00000000001421151912
0.00000000001817669162
0.00000000002322605236
0.00000000002964976767
0.00000000003781391270
0.00000000004817985119
0.00000000006132843482
0.00000000007799018711
0.00000000009908290968
0.00000000012575848355
0.00000000015946104803
0.00000000020199924136
0.00000000025563579954
0.00000000032319855751
0.00000000040821780700
0.00000000051509607335
0.00000000064931771958
0.00000000081770741939
0.00000000102874851963
0.00000000129297470810
0.00000000162345129593
0.00000000203636591608
0.00000000255175264691
0.00000000319437863263
0.00000000399482835476
0.00000000499082800654
0.00000000622886116386
0.00000000776613740288
0.00000000967298800347
0.00000001203577777038
0.00000001496043973702
0.00000001857676059795
0.00000002304356973787
0.00000002855501437712
0.00000003534813843526
0.00000004371202415219
0.00000005399880436969
0.00000006663691089961
0.00000008214699200607
0.00000010116101133617
0.00000012444513350907
0.00000015292711014360
0.00000018772900678996
0.00000023020625878023
0.00000028199421553673
0.00000034506353188818
0.00000042178599539261
0.00000051501264498618
0.00000062816634342036
0.00000076535131943556
0.00000093148260156774
0.00000113243873066055
0.00000137524167000342
0.00000166826843868735
0.00000202149968414957
0.00000244681119360022
0.00000295831523146232
0.00000357275959222945
0.00000430999338706090
0.00000519350985044764
0.00000625107787340605
0.00000751547555532765
0.00000902534083155697
0.00001082615619176139
0.00001297138666878595
0.00001552379266200877
0.00001855694177537062
0.00002215694670900226
0.00002642445935348889
0.00003147695460348435
0.00003745134103537743
0.00004450693948059418
0.00005282887466504593
0.00006263192946317497
0.00007416491591103417
0.00008771562190709441
0.00010361639746134429
0.00012225044938000640
0.00014405891832776138
0.00016954881720902731
0.00019930191465316141
0.00023398465195483521
0.00027435918596627689
0.00032129565399539634
0.00037578575953825966
0.00043895777944376546
0.00051209309361958705
0.00059664433735758709
0.00069425527346655838
0.00080678247630001075
0.00093631891207420902
0.00108521948916926641
0.00125612863794973819
0.00145200996155432031
0.00167617797659137964
0.00193233193522131274
0.00222459168718245172
0.00255753550139765353
0.00293623972136363874
0.00336632007608354562
0.00385397440839673660
0.00440602651479044156
0.00502997071482743415
0.00573401668397166119
0.00652713399075022759
0.00741909567792239932
0.00842052011788336184
0.00954291025539196446
0.01079868922660304209
0.01220123121332334672
0.01376488625674428430
0.01550499761735084706
0.01743791012934725604
0.01958096786133705497
0.02195249926312277736
0.02457178785480520350
0.02745902640285943427
0.03063525243294980965
0.03412226285592884906
0.03794250543711868290
0.04211894482549183999
0.04667490088501283219
0.05163385714169738822
0.05701923728375296596
0.06285414783533629923
0.06916108537388027111
0.07596160698326370753
0.08327596303664802635
0.09112269188910626649
0.09951817663617587573
0.10847616476363595994
0.11800725227853021970
0.12811833477206485687
0.13881202881996099197
0.15008606817110986542
0.16193268030431440252
0.17433795013557176756
0.18728117892178797188
0.20073424771429185243
0.21466099604628285924
0.22901662786819687589
0.24374715804513272244
0.25878891396825198790
0.27406810797128744461
0.28950049724328119627
0.30499114874652399898
0.32043432723756737346
0.33571352480160865372
0.35070165029663125100
0.36526139671417290344
0.37924580365047705355
0.39249903079908177173
0.40485735658227217648
0.41615041369885108491
0.42620267045119569760
0.43483516320779308506
0.44186748125169167389
0.44712000056773282264
0.45041635785507661005
0.45158615025619064376
0.45046784002845086103
0.44691183672918100012
0.44078372253973274741
0.43196757924173667664
0.42036936822247589207
0.40592030789192229401
0.38858018622580930979
0.36834054000929716821
0.34522762696158598716
0.31930511250049198324
0.29067638969167558516
0.25948644915418800361
0.22592321559093342387
0.19021826939556957248
0.15264687565134818503
0.11352724894853488680
0.07321899093469813602
0.03212064845819809916
-0.00933364640213579268
-0.05067847724410219634
-0.09142238977924016519
-0.13105406799945282237
-0.16904940197865156448
-0.20487938536871086459
-0.23801875568359123769
-0.26795526489844995188
-0.29419944231817624081
-0.31629468676090433110
-0.33382750158684781905
-0.34643766475918585934
-0.35382810776014794740
-0.35577426262082473274
-0.35213262636367131941
-0.34284828756929264237
-0.32796116126590330042
-0.30761068650576439687
-0.28203875631981994987
-0.25159067255535211283
-0.21671394854635273042
-0.17795482057838415968
-0.13595237439526960954
-0.09143024501326604825
-0.04518590606060108456
0.00192237231451624279
0.04899075154509183877
0.09508702496376360280
0.13926950797221204770
0.18060726889192449396
0.21820128841549182863
0.25120607877496697879
0.27885124529807570060
0.30046243514558190757
0.31548109281285535710
0.32348243134052989678
0.32419103374251573291
0.31749352219600390779
0.30344777388182297972
0.28228822234132561197
0.25442686158445576572
0.22044966608090910132
0.18110825168109989658
0.13730672827309522988
0.09008383176099889200
0.04059056730837617283
-0.00993625627144112573
-0.06020407404736180523
-0.10889752616374949457
-0.15471353387534916846
-0.19639757693938500460
-0.23278016512191951337
-0.26281242844362934230
-0.28559971251502280776
-0.30043206043868903032
-0.30681049396135828822
-0.30446807547052917586
-0.29338483948384413980
-0.27379582659535045552
-0.24619163214832651132
-0.21131109249885374202
-0.17012596850526093273
-0.12381774237524112436
-0.07374691256494143865
-0.02141544337270408216
0.03157670825142241955
0.08357981628742808256
0.13294596343642411940
0.17808238907650444927
0.21750488061533299056
0.24988939206398061432
0.27412004431080350120
0.28933169722911122879
0.29494538721168961359
0.29069509538435245322
0.27664454940163901719
0.25319306045341966049
0.22106974928166253647
0.18131591038786573633
0.13525568958798322994
0.08445569198624715279
0.03067457904391038617
-0.02419586257487487194
-0.07819630898113826001
-0.12936993643124872211
-0.17583443366300496868
-0.21585333138056589375
-0.24790390332845693711
-0.27073891014931572574
-0.28343958353860321253
-0.28545748491265299229
-0.27664321615342740701
-0.25726040154687074279
-0.22798388671559935426
-0.18988169471361063256
-0.14438092016119863370
-0.09321840480334618595
-0.03837769529012936137
0.01798559188195307870
0.07362731078393755513
0.12630407060182757828
0.17386474298693013751
0.21434044557971185241
0.24602918096101211720
0.26757139788935013769
0.27801299489896125205
0.27685270183493726481
0.26407134188563824440
0.24014117692405892446
0.20601434728226528104
0.16309030202999399983
0.11316304087650262689
0.05834991374492721344
0.00100460665825284992
-0.05638225952351665071
-0.11129081824504311049
-0.16128332403883433033
-0.20411426826162976100
-0.23783421229561091392
-0.26088243358241769432
-0.27216384009520866449
-0.27110619520559914308
-0.25769448890008961328
-0.23248026360615572927
-0.19656481418335211564
-0.15155638405473453867
-0.09950271852828047880
-0.04280155338495705841
0.01590724842742466741
0.07386320545444816088
0.12831486692902246971
0.17665154178908101801
0.21653077016844346492
0.24599522701594772611
0.26357308826270520186
0.26835653913018914229
0.26005404049984121029
0.23901315596270178432
0.20621212811524264330
0.16321991441837410686
0.11212597747219610334
0.05544269268165230580
-0.00401529349423526867
-0.06326912880153480467
-0.11932457624962078402
-0.16932419543975257836
-0.21069512372420207136
-0.24128472632374572959
-0.25947682037293540169
-0.26428201053640937301
-0.25539687229768776033
-0.23322823140401044428
-0.19888054355220274871
-0.15410629076584453356
-0.10122128193352666892
-0.04298866981023916761
0.01752273063603498535
0.07709871879700397335
0.13255030212939858392
0.18088557516643433143
0.21947357251158441938
0.24619100954761091726
0.25954355708054427376
0.25875451061120136043
0.24381535800498047029
0.21549474168668453222
0.17530455140764406030
0.12542425200595017087
0.06858691708787763297
0.00793266975463319084
-0.05316280558765293374
-0.11127544046855113169
-0.16312532133320079009
-0.20576374014065471063
-0.23674399417693775538
-0.25426588272106459554
-0.25728515641455307339
-0.24558102166146780765
-0.21977709379819790336
-0.18131380677483666108
-0.13237307862087502319
-0.07575884113395824071
-0.01473970337092343937
0.04713763006171867165
0.10625367111895619998
0.15912836458745391321
0.20262774650585713143
0.23415267788948423977
0.25179812564199954839
0.25447301275182782065
0.24197284535653348914
0.21500002797179498804
0.17512984819434801453
0.12472336998350413984
0.06679172531693966519
0.00481933792033854141
-0.05744374234510887800
-0.11620814259148928849
-0.16787649565869217083
-0.20926563682960785950
-0.23780583184792819518
-0.25170438725046678785
-0.25006299372344942267
-0.23294085782265971929
-0.20135893270376872821
-0.15724417155502010135
-0.10331647780877042941
-0.04292467937499944847
0.02015882400494563645
0.08197231925374909300
0.13861348992815814007
0.18648697430349683857
0.22253499591625502951
0.24443612681726864522
0.25075905497674699784
0.24106091686319502942
0.21592316801511107771
0.17692189166825089686
0.12653364309010384225
0.06798212689538203624
0.00503493181987787509
-0.05823706043782741343
-0.11772235184824424159
-0.16953668174578639949
-0.21027856558460469860
-0.23725558687544925918
-0.24866619889830340884
-0.24372451879810333453
-0.22271919826048552915
-0.18700170822809170090
-0.13890400782697345794
-0.08159027649852328146
-0.01885185860903651825
0.04514150344224958367
0.10611796278234376933
0.15998913709804918337
0.20312583630073127727
0.23260524677900940027
0.24641255951783738731
0.24358290016209349638
0.22427329572967136251
0.18975904718718500375
0.14235396479044382101
0.08525912233458748934
0.02234974154238118099
-0.04208581671648178174
-0.10363751286745527536
-0.15807578934643215507
-0.20164370393844685547
-0.23131875455265710206
-0.24502597494993672012
-0.24178704847707721548
-0.22179446050013829073
-0.18640480819647889388
-0.13805096411877046392
-0.08007846326577129636
-0.01651685477109804401
0.04819855417760402633
0.10953547388648580962
0.16318247794358320402
0.20535359512237810753
0.23305801809784654210
0.24431553750988094231
0.23830195358688144314
0.21541352725976589677
0.17724518140917969178
0.12648325826455189547
0.06671975048007128262
0.00220061267642520470
-0.06247438745531845583
-0.12267916471607763496
-0.17409286743286206400
-0.21301166953360764489
-0.23661817988015398928
-0.24318868580299451976
-0.23222275390401148076
-0.20448518867288503764
-0.16195661462403462827
-0.10769555383544028582
-0.04562134002532765298
0.01976693198503491275
0.08371541279365343757
0.14156105590863418686
0.18907260471822606718
0.22276199731808729587
0.24014312748762495220
0.23991856806890018983
0.22207999834654748583
0.18791431713922118751
0.13991431894118686041
0.08159985788270456009
0.01726210207513421968
-0.04835071144712736052
-0.11038311541517165093
-0.16423210489173722948
-0.20589000118602829303
-0.23224484392347513606
-0.24131563302270100935
-0.23240443125629717258
-0.20615341745822493569
-0.16450200828239336381
-0.11054662414112804980
-0.04831300558977637272
0.01754236377681448258
0.08207971147253090294
0.14044644422864999145
0.18824284089047563229
0.22185533996646744637
0.23873204394616195922
0.23757925707575713870
0.21846370989823471476
0.18281217401392615973
0.13330790866532268857
0.07369122339837468061
0.00847879072267818459
-0.05737736646343222918
-0.11886554637326433859
-0.17129621681646980957
-0.21066090156735708949
-0.23394053588333671434
-0.23933941880468395658
-0.22642644612398779569
-0.19617231217530387011
-0.15087929347153208881
-0.09400846939716132888
-0.02991716129362974319
0.03647363328405027472
0.10005651771751376822
0.15593079201698289982
0.19978108553158210881
0.22821219183743279846
0.23901399721193797299
0.23133566645604883294
0.20575517366716894463
0.16423831441074970838
0.10998989112868783058
0.04720816260039442658
-0.01923876518557145893
-0.08418975299050564243
-0.14259151917813225885
-0.18989245456364925446
-0.22239860609115161272
-0.23756387947247184500
-0.23419151972363760894
-0.21253076231713649569
-0.17426068182600057410
-0.12236206892034647009
-0.06088695273216231107
0.00535653707136164378
0.07117954553951867658
0.13141883996467745854
0.18134230167850692861
0.21702166552432652913
0.23564305578438227151
0.23573064768564019889
0.21726553414137164677
0.18169007515754159732
0.13179701161432896828
0.07151172746504515232
0.00558452438087246768
-0.06078304468116597914
-0.12234842763630794649
-0.17424255096772808815
-0.21235571170323061518
-0.23366422315325122150
-0.23647174773916776469
-0.22054593321598878197
-0.18713921851755718762
-0.13889184265849677247
-0.07962444860239523137
-0.01403647894609191642
0.05266589251895444773
0.11518286691476312122
0.16854238096722287676
0.20849618549432880066
0.23185902447083714395
0.23676374710492917308
0.22281181891130558137
0.19110699276463866125
0.14416919976577804996
0.08573528182414630328
0.02046224855728927955
-0.04644342687005043741
-0.10964098646347433808
-0.16408192694712186999
-0.20541380192065999966
-0.23032893357257755440
-0.23683002375774492299
-0.22439125372354282173
-0.19400179437420214668
-0.14808805028983529350
-0.09032067843993195344
-0.02532167669090233317
0.04170511706498000737
0.10539058670382948912
0.16063060443847398950
0.20299549138424538564
0.22908577844378397170
0.23680563831072884429
0.22553193335091575866
0.19616518282541503537
0.15105822669254970192
0.09382819114304520591
0.02906675212839377256
-0.03802810976809194166
-0.10206932895231823899
-0.15791344387728420418
-0.20107397281649061482
-0.22808221569231626469
-0.23676642383886883914
-0.22642682688716858630
-0.19789237267294318423
-0.15345454936165037196
-0.09668355276313223001
-0.03214153849704159266
0.03498400635516904500
0.09929729406507328826
0.15562812049932417402
0.19944768482152885891
0.22723287149048124189
0.23674966446414855148
0.22723287149048124189
0.19944768482152885891
0.15562812049932417402
0.09929729406506893064
0.03498400635516904500
-0.03214153849704159266
-0.09668355276313667090
-0.15345454936165037196
-0.19789237267294063072
-0.22642682688716858630
-0.23676642383886883914
-0.22808221569231768022
-0.20107397281649061482
-0.15791344387728420418
-0.10206932895231388136
-0.03802810976809194166
0.02906675212838910616
0.09382819114304520591
0.15105822669254970192
0.19616518282541761664
0.22553193335091575866
0.23680563831072884429
0.22908577844378269495
0.20299549138424538564
0.16063060443847754222
0.10539058670382948912
0.04170511706498000737
-0.02532167669089752451
-0.09032067843993195344
-0.14808805028983529350
-0.19400179437420483897
-0.22439125372354282173
-0.23683002375774458992
-0.23032893357257755440
-0.20541380192065999966
-0.16408192694711842829
-0.10964098646347433808
-0.04644342687005043741
0.02046224855729411249
0.08573528182414630328
0.14416919976577433071
0.19110699276463866125
0.22281181891130558137
0.23676374710492878450
0.23185902447083714395
0.20849618549432880066
0.16854238096721957385
0.11518286691476312122
0.05266589251895920781
-0.01403647894609191642
-0.07962444860239523137
-0.13889184265850065825
-0.18713921851755718762
-0.22054593321598878197
-0.23647174773916834756
-0.23366422315325122150
-0.21235571170323264134
-0.17424255096772808815
-0.12234842763630794649
-0.06078304468117055187
0.00558452438087246768
0.07151172746504515232
0.13179701161433315937
0.18169007515754159732
0.21726553414136967612
0.23573064768564019889
0.23564305578438227151
0.21702166552432478053
0.18134230167850692861
0.13141883996467745854
0.07117954553951406915
0.00535653707136164378
-0.06088695273215766895
-0.12236206892034647009
-0.17426068182600057410
-0.21253076231713433075
-0.23419151972363760894
-0.23756387947247184500
-0.22239860609114980861
-0.18989245456364925446
-0.14259151917813614463
-0.08418975299050564243
-0.01923876518557145893
0.04720816260039890216
0.10998989112868783058
0.16423831441074970838
0.20575517366717158141
0.23133566645604883294
0.23901399721193825054
0.22821219183743279846
0.19978108553158210881
0.15593079201698642478
0.10005651771751376822
0.03647363328405027472
-0.02991716129363467674
-0.09400846939716132888
-0.15087929347152836956
-0.19617231217530387011
-0.22642644612398779569
-0.23933941880468426189
-0.23394053588333671434
-0.21066090156735708949
-0.17129621681646639564
-0.11886554637326433859
-0.05737736646343693375
0.00847879072267818459
0.07369122339837468061
0.13330790866531883054
0.18281217401392615973
0.21846370989823471476
0.23757925707575791585
0.23873204394616195922
0.22185533996646938926
0.18824284089047563229
0.14044644422864999145
0.08207971147252657307
0.01754236377681448258
-0.04831300558977637272
-0.11054662414113211599
-0.16450200828239336381
-0.20615341745822216013
-0.23240443125629717258
-0.24131563302270100935
-0.23224484392347649608
-0.20589000118602829303
-0.16423210489173722948
-0.11038311541516759862
-0.04835071144712736052
0.01726210207512939715
0.08159985788270456009
0.13991431894118686041
0.18791431713922421287
0.22207999834654748583
0.23991856806890018983
0.24014312748762439709
0.22276199731808729587
0.18907260471822873171
0.14156105590863418686
0.08371541279365343757
0.01976693198503952711
-0.04562134002532765298
-0.10769555383544028582
-0.16195661462403848629
-0.20448518867288503764
-0.23222275390401037054
-0.24318868580299451976
-0.23661817988015398928
-0.21301166953360531342
-0.17409286743286206400
-0.12267916471607763496
-0.06247438745531391779
0.00220061267642520470
0.06671975048006670295
0.12648325826455189547
0.17724518140917969178
0.21541352725976345428
0.23830195358688144314
0.24431553750988094231
0.23305801809784537637
0.20535359512237810753
0.16318247794358664571
0.10953547388648580962
0.04819855417760402633
-0.01651685477110265490
-0.08007846326577129636
-0.13805096411877046392
-0.18640480819648147515
-0.22179446050013829073
-0.24178704847707657710
-0.24502597494993672012
-0.23131875455265710206
-0.20164370393844960327
-0.15807578934643215507
-0.10363751286745527536
-0.04208581671647713962
0.02234974154238118099
0.08525912233458345091
0.14235396479044382101
0.18975904718718500375
0.22427329572967338867
0.24358290016209349638
0.24641255951783738731
0.23260524677900754065
0.20312583630073127727
0.15998913709805262506
0.10611796278234376933
0.04514150344224958367
-0.01885185860903217797
-0.08159027649852328146
-0.13890400782697345794
-0.18700170822809453197
-0.22271919826048552915
-0.24372451879810214104
-0.24866619889830340884
-0.23725558687544925918
-0.21027856558460256142
-0.16953668174578639949
-0.11772235184824424159
-0.05823706043782274355
0.00503493181987787509
0.06798212689537763698
0.12653364309010384225
0.17692189166825089686
0.21592316801510863522
0.24106091686319502942
0.25075905497674699784
0.24443612681726792357
0.22253499591625502951
0.18648697430349989168
0.13861348992815814007
0.08197231925374909300
0.02015882400494103596
-0.04292467937499944847
-0.10331647780877042941
-0.15724417155502409815
-0.20135893270376872821
-0.23294085782265780415
-0.25006299372344942267
-0.25170438725046678785
-0.23780583184792966622
-0.20926563682960785950
-0.16787649565869217083
-0.11620814259148509739
-0.05744374234510887800
0.00481933792033417078
0.06679172531693966519
0.12472336998350413984
0.17512984819435220563
0.21500002797179498804
0.24197284535653348914
0.25447301275182804270
0.25179812564199954839
0.23415267788948623817
0.20262774650585713143
0.15912836458745391321
0.10625367111896064087
0.04713763006171867165
-0.01473970337092343937
-0.07575884113396255670
-0.13237307862087502319
-0.18131380677483333042
-0.21977709379819790336
-0.24558102166146780765
-0.25728515641455368401
-0.25426588272106459554
-0.23674399417693775538
-0.20576374014065207385
-0.16312532133320079009
-0.11127544046855532278
-0.05316280558765293374
0.00793266975463319084
0.06858691708787312269
0.12542425200595017087
0.17530455140764406030
0.21549474168668686369
0.24381535800498047029
0.25875451061120047225
0.25954355708054427376
0.24619100954761091726
0.21947357251158255975
0.18088557516643433143
0.13255030212939858392
0.07709871879700012920
0.01752273063603498535
-0.04298866981023500428
-0.10122128193352666892
-0.15410629076584453356
-0.19888054355219897396
-0.23322823140401044428
-0.25539687229768776033
-0.26428201053640909546
-0.25947682037293540169
-0.24128472632374833862
-0.21069512372420207136
-0.16932419543975257836
-0.11932457624961745335
-0.06326912880153480467
-0.00401529349423526867
0.05544269268165634423
0.11212597747219610334
0.16321991441837024883
0.20621212811524264330
0.23901315596270178432
0.26005404049984054415
0.26835653913018914229
0.26357308826270520186
0.24599522701594667140
0.21653077016844346492
0.17665154178908429317
0.12831486692902246971
0.07386320545444816088
0.01590724842742051795
-0.04280155338495705841
-0.09950271852828047880
-0.15155638405473781383
-0.19656481418335211564
-0.23248026360615373087
-0.25769448890008961328
-0.27110619520559914308
-0.27216384009520905307
-0.26088243358241769432
-0.23783421229561091392
-0.20411426826162731851
-0.16128332403883433033
-0.11129081824504691300
-0.05638225952351665071
0.00100460665825284992
0.05834991374493084942
0.11316304087650262689
0.16309030202999399983
0.20601434728226869497
0.24014117692405892446
0.26407134188563696764
0.27685270183493726481
0.27801299489896125205
0.26757139788935169200
0.24602918096101211720
0.21434044557971185241
0.17386474298692666807
0.12630407060182757828
0.07362731078394120499
0.01798559188195307870
-0.03837769529012936137
-0.09321840480334991907
-0.14438092016119863370
-0.18988169471361063256
-0.22798388671560201879
-0.25726040154687074279
-0.27664321615342696292
-0.28545748491265299229
-0.28343958353860321253
-0.27073891014931683596
-0.24790390332845693711
-0.21585333138056589375
-0.17583443366300180455
-0.12936993643124872211
-0.07819630898114231232
-0.02419586257487487194
0.03067457904391038617
0.08445569198625114959
0.13525568958798322994
0.18131591038786573633
0.22106974928166531202
0.25319306045341966049
0.27664454940163735186
0.29069509538435245322
0.29494538721168961359
0.28933169722911111776
0.27412004431080350120
0.24988939206398061432
0.21750488061533049255
0.17808238907650444927
0.13294596343642745007
0.08357981628742808256
0.03157670825142241955
-0.02141544337270769038
-0.07374691256494143865
-0.12381774237524112436
-0.17012596850526304215
-0.21131109249885374202
-0.24619163214832356923
-0.27379582659535045552
-0.29338483948384413980
-0.30446807547052712195
-0.30681049396135828822
-0.30043206043868903032
-0.28559971251502147549
-0.26281242844362934230
-0.23278016512192176157
-0.19639757693938500460
-0.15471353387534916846
-0.10889752616374663574
-0.06020407404736180523
-0.00993625627144112573
0.04059056730837917737
0.09008383176099889200
0.13730672827309139961
0.18110825168109989658
0.22044966608090910132
0.25442686158445310118
0.28228822234132561197
0.30344777388182297972
0.31749352219600518454
0.32419103374251573291
0.32348243134053145109
0.31548109281285535710
0.30046243514558190757
0.27885124529807514548
0.25120607877496697879
0.21820128841549182863
0.18060726889192227351
0.13926950797221204770
0.09508702496376748858
0.04899075154509183877
0.00192237231451624279
-0.04518590606059709469
-0.09143024501326604825
-0.13595237439526960954
-0.17795482057838624135
-0.21671394854635273042
-0.25159067255535022545
-0.28203875631981994987
-0.30761068650576439687
-0.32796116126590285633
-0.34284828756929264237
-0.35213262636367131941
-0.35577426262082650910
-0.35382810776014794740
-0.34643766475918746917
-0.33382750158684781905
-0.31629468676090433110
-0.29419944231817823921
-0.26795526489844995188
-0.23801875568359123769
-0.20487938536870750617
-0.16904940197865156448
-0.13105406799945609753
-0.09142238977924016519
-0.05067847724410219634
-0.00933364640213267711
0.03212064845819809916
0.07321899093469813602
0.11352724894853752358
0.15264687565134818503
0.19021826939556771285
0.22592321559093342387
0.25948644915418800361
0.29067638969167508556
0.31930511250049198324
0.34522762696158598716
0.36834054000929805639
0.38858018622580930979
0.40592030789192168339
0.42036936822247589207
0.43196757924173667664
0.44078372253973563399
0.44691183672918100012
0.45046784002845086103
0.45158615025618897842
0.45041635785507661005
0.44712000056773426593
0.44186748125169167389
0.43483516320779308506
0.42620267045119630822
0.41615041369885108491
0.40485735658227217648
0.39249903079908116110
0.37924580365047705355
0.36526139671417334753
0.35070165029663125100
0.33571352480160865372
0.32043432723756337666
0.30499114874652399898
0.28950049724328119627
0.27406810797128355883
0.25878891396825198790
0.24374715804513544248
0.22901662786819687589
0.21466099604628285924
0.20073424771429460023
0.18728117892178797188
0.17433795013557176756
0.16193268030431459681
0.15008606817110986542
0.13881202881996082543
0.12811833477206485687
0.11800725227853021970
0.10847616476363466931
0.09951817663617587573
0.09112269188910626649
0.08327596303664699939
0.07596160698326370753
0.06916108537388122868
0.06285414783533629923
0.05701923728375296596
0.05163385714169743679
0.04667490088501283219
0.04211894482549183999
0.03794250543711807921
0.03412226285592884906
0.03063525243295023293
0.02745902640285943427
0.02457178785480520350
0.02195249926312246858
0.01958096786133705497
0.01743791012934725604
0.01550499761735085226
0.01376488625674428430
0.01220123121332336753
0.01079868922660304209
0.00954291025539196446
0.00842052011788348327
0.00741909567792239932
0.00652713399075022759
0.00573401668397158573
0.00502997071482743415
0.00440602651479044764
0.00385397440839673660
0.00336632007608354562
0.00293623972136363527
0.00255753550139765353
0.00222459168718245172
0.00193233193522128043
0.00167617797659137964
0.00145200996155432313
0.00125612863794973819
0.00108521948916926641
0.00093631891207422388
0.00080678247630001075
0.00069425527346655838
0.00059664433735758503
0.00051209309361958705
0.00043895777944377273
0.00037578575953825966
0.00032129565399539634
0.00027435918596627244
0.00023398465195483521
0.00019930191465316141
0.00016954881720902449
0.00014405891832776138
0.00012225044938000672
0.00010361639746134429
0.00008771562190709441
0.00007416491591103448
0.00006263192946317497
0.00005282887466504593
0.00004450693948059346
0.00003745134103537743
0.00003147695460348443
0.00002642445935348889
0.00002215694670900226
0.00001855694177537028
0.00001552379266200877
0.00001297138666878595
0.00001082615619176120
0.00000902534083155697
0.00000751547555532779
0.00000625107787340605
0.00000519350985044764
0.00000430999338706097
0.00000357275959222945
0.00000295831523146232
0.00000244681119360017
0.00000202149968414957
0.00000166826843868736
0.00000137524167000342
0.00000113243873066055
0.00000093148260156774
0.00000076535131943556
0.00000062816634342036
0.00000051501264498617
0.00000042178599539261
0.00000034506353188818
0.00000028199421553673
0.00000023020625878023
0.00000018772900678997
0.00000015292711014360
0.00000012444513350907
0.00000010116101133617
0.00000008214699200607
0.00000006663691089961
0.00000005399880436969
0.00000004371202415219
0.00000003534813843526
0.00000002855501437712
0.00000002304356973787
0.00000001857676059795
0.00000001496043973702
0.00000001203577777038
0.00000000967298800347
0.00000000776613740288
0.00000000622886116386
0.00000000499082800654
0.00000000399482835476
0.00000000319437863263
0.00000000255175264691
0.00000000203636591608
0.00000000162345129593
0.00000000129297470810
0.00000000102874851963
0.00000000081770741939
0.00000000064931771958
0.00000000051509607335
0.00000000040821780700
0.00000000032319855751
0.00000000025563579954
0.00000000020199924136
0.00000000015946104803
0.00000000012575848355
0.00000000009908290968
0.00000000007799018711
0.00000000006132843482
0.00000000004817985119
0.00000000003781391270
0.00000000002964976767
0.00000000002322605236
0.00000000001817669162
0.00000000001421151912
0.00000000001110077443
0.00000000000866271518
0.00000000000675372917
0.00000000000526045063
0.00000000000409348124
0.00000000000318239470
0.00000000000247176679
0.00000000000191802371
0.00000000000148694289
0.00000000000115167315
0.00000000000089116810
0.00000000000068894767
0.00000000000053212030
0.00000000000041061157
0.00000000000031655636
0.00000000000024382048
0.00000000000018762441
0.00000000000014424782
0.00000000000011079767
0.00000000000008502648
0.00000000000006518996
0.00000000000004993567
0.00000000000003821601
0.00000000000002922031
0.00000000000002232184
0.00000000000001703654
0.00000000000001299093
0.00000000000000989707
0.00000000000000753323
0.00000000000000572882
0.00000000000000435270
0.00000000000000330417
0.00000000000000250598
0.00000000000000189890
0.00000000000000143761
0.00000000000000108741
0.00000000000000082178
0.00000000000000062049
0.00000000000000046809
0.00000000000000035281
0.00000000000000026568
