1.8379607054992275
-0.1987550499827216
1.2845729919262572
-0.1225105578588741
1.2294087732583285
-0.0146043398043541
1.1212586175521437
0.1284817484516928
0.8837598732936325
0.0300487660467160
0.8311790995193078
0.0194010155140690
0.8486286796681688
0.0496275941386558
0.9089774864611888
0.0236504465921370
0.5534064445021903
-0.0237882744020092
-6.6134379461463206
-0.7165360555874560
-177.5493856414593100
-17.9083717825513630
-3810.5675246708511000
-478.0259610758069500
-73758.9444561399000000
-11338.1235733881420000
-1302632.5048890070000000
-238740.2121278878500000
-21126885.8721752170000000
-4502417.1107028862000000
-316351094.4967306300000000
-76739866.9378666280000000
-4442277549.0840673000000000
-1183143323.5661395000000000
-57548842990.1608120000000000
-16991527396.7655370000000000
-695210183242.4460400000000000
-223312080952.5741900000000000
-7872499022281.1279000000000000
-2724258360220.5933000000000000
-83754378330553.4530000000000000
-30961349776320.8160000000000000
-839170647828301.0000000000000000
-329061456275374.1900000000000000
-7935108403709459.0000000000000000
-3281150996485956.5000000000000000
-70947725941969792.0000000000000000
-30782145180080024.0000000000000000
-600825076406328320.0000000000000000
-272381213540890140.0000000000000000
-4826702251243534300.0000000000000000
-2278333253078115600.0000000000000000
-36834143759302619000.0000000000000000
-18049614212499403000.0000000000000000
-267359312225643170000.0000000000000000
-135670472293128990000.0000000000000000
-1847904545004567900000.0000000000000000
-969047708747353950000.0000000000000000
-12174477591601511000000.0000000000000000
-6586466052544937300000.0000000000000000
-76526328843626246000000.0000000000000000
-42653023863131213000000.0000000000000000
-459328641656852000000000.0000000000000000
-263465708355726140000000.0000000000000000
-2649267574670434500000000.0000000000000000
-1464646070649976300000000.0000000000000000
-14391859532852004000000000.0000000000000000
-8733950614008152500000000.0000000000000000
-75582103572888359000000000.0000000000000000
-46628170088618369000000000.0000000000000000
-379625259399103460000000000.0000000000000000
-240921923039298360000000000.0000000000000000
-1826020106521885300000000000.0000000000000000
-1189899946288796000000000000.0000000000000000
-8414990864218065300000000000.0000000000000000
-5633251689033025700000000000.0000000000000000
-37161909280045385000000000000.0000000000000000
-25566301852904978000000000000.0000000000000000
-157303438457724380000000000000.0000000000000000
-111286925496178990000000000000.0000000000000000
-638308189072775230000000000000.0000000000000000
-464763557783690710000000000000.0000000000000000
-2483128825172289900000000000000.0000000000000000
-1862739864098140000000000000000.0000000000000000
-9260455209499792700000000000000.0000000000000000
-7166305486225798200000000000000.0000000000000000
-33103829028534383000000000000000.0000000000000000
-26468135258933233000000000000000.0000000000000000
-113407693332035040000000000000000.0000000000000000
-93857490428452271000000000000000.0000000000000000
-372205510535628680000000000000000.0000000000000000
-319546938995608960000000000000000.0000000000000000
-1169774135376627300000000000000000.0000000000000000
-1044460009990539700000000000000000.0000000000000000
-3518353770651460200000000000000000.0000000000000000
-3277017472478352300000000000000000.0000000000000000
-10119497460521636000000000000000000.0000000000000000
-9867307505202908500000000000000000.0000000000000000
-27805569237381723000000000000000000.0000000000000000
-28504710724240351000000000000000000.0000000000000000
-72897749622255506000000000000000000.0000000000000000
-78968882892771347000000000000000000.0000000000000000
-182059536162993420000000000000000000.0000000000000000
-209697626175384450000000000000000000.0000000000000000
-432254467137499570000000000000000000.0000000000000000
-533400490706758420000000000000000000.0000000000000000
-973035969626162460000000000000000000.0000000000000000
-1298672369802270100000000000000000000.0000000000000000
-2069301613549711100000000000000000000.0000000000000000
-3023609704802270800000000000000000000.0000000000000000
-4136810188676550100000000000000000000.0000000000000000
-6724223959971164600000000000000000000.0000000000000000
-7718234542282052900000000000000000000.0000000000000000
-14264573542318054000000000000000000000.0000000000000000
-13289565260621100000000000000000000000.0000000000000000
-28817863488632972000000000000000000000.0000000000000000
-20716555132544391000000000000000000000.0000000000000000
-55332676890398051000000000000000000000.0000000000000000
-28146575337013110000000000000000000000.0000000000000000
-100727551069289950000000000000000000000.0000000000000000
-30226052317788603000000000000000000000.0000000000000000
-173310446835812260000000000000000000000.0000000000000000
-15924615614252423000000000000000000000.0000000000000000
-280742340765369330000000000000000000000.0000000000000000
32971252997686659000000000000000000000.0000000000000000
-425961054487444720000000000000000000000.0000000000000000
140589928989082570000000000000000000000.0000000000000000
-601161643951727100000000000000000000000.0000000000000000
